# Column Description:
# ID | X | Y | N | Z
0 11001100110100010011001100101011 11011000100101001111111111110110 01101101100101011100010001010111 100000001000011010100101010111010
1 01100010100000010101110100101111 00010000000110010110101001011010 01111010101101011111011100001110 01111111011110010100111000110100
2 00110010000011011110001001100110 00011011000010001111101001110110 00011111101101100100011101100110 00100111101100111111011110000111
3 00011110000110011010011011101010 01010001110110001001010100111100 01000001101101010100010110101101 01000101010001010101010011011000
4 00100010000000111110011110100110 01010101011000000110010010010111 01000100011101000001101001011011 01011101111111001110011110110001
5 00111110010011000001001101110100 00001010010011000101001001110010 01000110000100011100000111011010 00000111100101101000011111000000
6 00000000101010110110111011011111 00000000101010100100110011100010 00000000100011011100110101101001 00000001000101001101000110010111
7 00010001011100101011111100000111 00111110001110010100101110111101 00100000100000011101110110111111 01001010001111100111001011101011
8 01101011111101011101111000011000 01111010110001011101111100101011 01010010001110111111010011101110 00101010010111110110001100000010
9 10011011010111110100101010111100 00011000000010001110111100010110 01011110100101000011000000000110 01000100101110000001110011111111
10 00000100111110011111111111100101 00101010100100111001000001010011 00110011010000011100111110011111 01001110010001011100100111001100
11 00101101101100110011101101000101 11010011001110011101010100000001 01110100010111101010101010101111 11010010110100010010001010010111
12 01100100000001011110101011010101 10001100010110011000000101011110 01010101101111001111010100000110 01101100000010101111110111111100
13 01010000111010100110011101111000 01001010100110111110101100101111 01111101010000100010000110000100 00001010011101000111001011101101
14 00000000000111000011110011101111 00000010010111100100011010000100 00000001001101000100110100001111 00000010010110101110000110010011
15 00011100101100100010011110101010 10000101110001010010111001111011 01100110101101010111000011111100 00111100110111000001100101001100
16 00010000110100100101010111011001 00001011101101111101101011001000 00100101101011011000011000000000 00000111010111001110001101010010
17 00000010100100010011111001010011 01011001000111100110011001000001 00101101111101100011101010010000 01110010100101011011000100111001
18 00100010100110101000011010011000 01000011110101000001101011010010 00110101000111100111000100010011 00111001110011100111000010011011
19 00101010000010010111011101111010 00101100111011110000010110101101 00110001001011001110111101111001 00100010001000100010011100011010
20 00011110111101001001000110111000 00110111011101001100001101000001 01100101111011101101001101011000 01011111001011011100101100110111
21 01000110001011100110110100101111 00001000011000000001001100100100 00111000101001110011001111101101 00001101010111000011011110000110
22 01101000110001001110111101010110 00001011111001001001101000010001 01010001100111101110001110001000 00101010110011011011010101100001
23 00010011110111110001110101001011 00101101100010011010101110111000 00011001101100011111110000011110 00101011000101001101001100001000
24 00111000101101111001101111111110 01010111110111111111111110111010 00101101110001001010111100110010 00110001110101111101001101011001
25 10101000010001000010110000110001 00011110001000000111100001010001 01010110101011010100011110011001 01001111011101001010110111010101
26 00001000000100000011000111010010 01101011100100001101100111101000 01101111111011100100110111011001 01000010001110001111010111100001
27 01001101111010001111110110101010 01001001111100100001101110011010 01001101010011100001011110111000 00101011011111011010110011010010
28 00001010010001110000000001110011 01000010001001111111000010001001 00100111100010101111101001011010 01001101100001010110111111110111
29 00000100011010101000000010010010 00001110011110110110111011110000 00010001011101000011000001001011 00000111011001001000111000000110
30 01110101000101111110100000010101 01000000100111000010101011010111 01000000100010100100111111111010 01001111000001011011011010000000
31 01011000101110000010010010000000 10100111110111011111000100000000 01100000000010111110110100101100 00111101110010100001011101100011
32 00110110110101001101011001011110 00111010010110001011101011101001 00101010001100011101100001011101 00111011011100001001010011010011
33 00110001010101111101001001011101 00001111001100100001100110101111 00111111000111100011011110111101 00100100101101101000010010001001
34 00101000101011110110011111000000 00101001100000011011100001001001 00101111011100000001100100001000 00100100011010010001011110011000
35 00011100010111111100110001011110 01100110100000000010001010101111 00111000111110010110000111010111 01101000000000001010100001010111
36 10110111111000101010001011010111 10001011011010101111011100111111 01011100011011001110110010000101 10010001010000010010000000110101
37 01101100010100000011101111001010 01101101001110010010100101100010 01000011111110101101011000010001 01001001111100110100111010000011
38 00101110100110101110000100110101 10001101100011001100111100011101 01011100010100101010011111100010 10001000011100101110000001101010
39 00000011110001010101011000010101 00001111000110011100011111011101 00001011110000011011000111110100 00001011000101111100010101010110
40 00101001100010101001000011010101 10110000110010101011010011101111 01101110100111001110110011110100 10100110110000001001101111010111
41 00101010110100101001101101010100 00110101111101010110111001001110 01011001110111111000111100011101 00111101001100010100101100100111
42 01100101011000110111000100011100 00001001011110010111011010010111 00110111010010111111100110000101 00011110100111100001000100010010
43 01000100100000011111000111100100 01000110001001110111100111001100 00111001111001010011011000111010 00011000011111010110100111011110
44 01000110111100000110101110000001 10001011000000001111001000000000 01111111010010100111101111001011 01011011111101110110001001000110
45 00000101000011100011001011010001 00101100010000001100110100100111 00011101001001110011100010001011 00011000111100010111111001110111
46 00101111111011010110111101100001 00011111011010100101010101010000 00011001110001110010010010001011 00011110110110011101100111101000
47 11000010101110100101110101101010 00011101000100111110111001101011 01101110101100000101110011110101 01101101101001101110010111011011
48 00001100100011100001100010010110 00001001101000100110010010001001 01100011111101011101011011011110 01010001001110110001110000001100
49 10001001011111010100110000001000 00001101100001000111000010001000 01001000110111010001101101100011 00110001001110101100001010010111
