# Column Description:
# ID | X | Y | N | Z
0 00010010001011101001100110001100 00001000100111001001111000100100 00001001111111001111000010101010 00000101011110101101001111011111
1 01000000010100101011010010010010 00010100111000111100101101000111 01111110111000101000100110101111 00110111001101000100010110110010
2 01100001111011010111110110111010 10010110001001101101001101011101 01010111110110111110101101110001 01101111101110101010110011010100
3 10010011111011111111010010101001 11000101111111001111001011010011 01110010110011010100110100100100 11011010000100100011000000001100
4 00101010010100110011110101110101 00100001000111100001000010110100 00011000110010000111011111101010 00010010100110110001101101001111
5 00001001000100100111010101100101 00000010111011010010100111011110 00000111001111100110101100000100 00000100101100110100001101100101
6 00000110100111110010001011110111 00011010110101100011010010101001 00100101111100111000000100100001 00100001001011011100000000001010
7 10010111101110110000101000100010 00010110101111100101100000000011 01010011011101100111000010100110 01010011001101001001011001000111
8 10010101100001001001000010101100 00100001101101111011001000110101 01100001110011101111001000100001 01010110100001000100010010100110
9 01011011010101101001010000100100 01001000010111000111001110101111 01000001100101100110110010111110 01001110100110010000000010110101
10 00010000101110100001110110011001 01101010010011101110010011011110 01011111010010001100001111001110 01011001000010001010001110100000
11 10111000000010101110011101111010 00001100111111100011100000100001 01100001011011011000001011101001 00010001010101001000110111100000
12 00001111000100110010010010001001 00010010000000011010001010001000 01010011001111000110010000110000 00010010001111001110010010110010
13 11001010011000100111110111110011 01111101011001100111101000110100 01100110001011111011001011111101 01100110001011001011111101000010
14 00000001000010101101110010100100 00000000111010010001100011001100 00000100011100000100101000010110 00000011001010001110010001110000
15 01110110111100100010101000100111 00010011101011001110101110000100 01100011010111110111110001110000 00011001010111100111010010000000
16 00001100001111001000001000110110 00001101000101010001001111011011 00001000100101010001110110101100 00001000101100100000101100011000
17 00111011000110110011011010000010 10000100011001100101110010100100 01000010111111101111111101000100 01011101100101010010100000100001
18 00000011110110010111001100111011 01111100101110011110001100000110 01110010100001111001100100001101 01011101001001001010001011001111
19 00000001101101010000110110011110 00000011110000101010111100001010 00000100011011111111101101000001 00000000101110110100010011110110
20 00000100110100111100001010010101 00000011000101101101010100000001 00010001011101000101110100111101 00001000101100010101011001111100
21 00011101010100110010100110011010 01000111011111100001000010011010 01000111110010001011011000110111 00010110010010001001000101101100
22 00110101001010011111000001101011 11100001110100010110110101000110 01110111011100111000101010110001 01000001010111001011100111110110
23 00001100001010100010100011001011 00000001111111011110101101010101 00010011000001100001110001100110 00000011110111011001001100110011
24 00010010100111110100110001010111 00110101001111100011100000110111 01000100010001010101011010111010 00001000101010100110101100110111
25 00000000100000100110000101010001 00000000101011111000010011100010 00000000100101101111110010100000 00000000001011001111011010100100
26 00010001000001111100011101001101 00001000100101100011111111110011 00101011010100001011010111010110 00001111000111011101101110000110
27 00000010101100001010100110010001 00001100000100110001100100100100 00000110010001000101100111110001 00000010010001010101100000001111
28 00000000010101000010000110001101 00000010001000100110110010011100 00000010001000010010000101001010 00000000010011011101110000110011
29 01110111000100101011000101101110 11001111111001010010101111010100 01111011011101111001011101101001 10111001111111110000010111001001
30 01111001110100000111001011000000 01010010101100111110110001000100 01010001001100000110100111011001 00101111111110001001111000100010
31 10111010101010011110010101101111 00001011010000011011001101001010 01111000010000001001110011010111 00101110101000010010111001001000
32 01100001000010111111010111001011 01010010110011011010101000000111 01000010011101010100110000001011 01011011011111001011110100011110
33 00010100010010010011110010001001 01011110011100110100110010010111 00110110010110001011101101001100 00111100011001001010110110000111
34 00011100110100110111110100011000 00010111111111100101111100010010 00111101010111000110111001010011 00000011001111110001101101101111
35 00111011011011110100111001111010 00101001110101101011110011001010 00100001000101001111010110110100 00100011000011111010100111001001
36 00100000100100100010010101011110 00111111011010001101101101010101 00100000101110000101101011010010 00010100000101010011011011111110
37 01001100100001000011000110111100 00101001000001100011101101011000 01100000100100000010000000101100 01000010100011100101001000001111
38 00011100000001100100101100111000 00010100011001000100100110110101 00111111000011010010001100011110 00101010110100111111000100000110
39 00010100000110001101011110100100 00110001101101000111111100100001 00011010100010010100011110001110 00011101010010000001101110111000
40 01001010011011001101111100110011 01010111011100100111100111011000 01110100011110111011010111001011 00011111111011010100010011101101
41 00100101001010110000011011010101 01110110010100000001010111010100 01011101100100111110101001100000 01000101011000110110100100100001
42 01110001010100011011011110000000 01010010011100000100110100001100 01001110111100011111010010100001 00111000000011000010100110111101
43 00000000010010011001101100001001 00000101110010110001001000011100 00000101010001110101001101111100 00000100110100101000000110000011
44 00101011101100010111000101111010 11000001001110101111110011001110 01100101011101101101010100000010 10000010011111011110001101100000
45 11101011100111101101001101001101 00101110101010101000111011100111 01111001101101001010100110011101 00111000101001101101111101110100
46 01001101010110111001110100010001 10001110110010011001101110011110 01010100000011111100000100111001 01000100001100010001111000001010
47 00000000110010001101010001011000 00101001110111000011111001001000 00011111010110000101110101100101 00010110000011110101010100001100
48 00110011010011010100100110001000 00110010101001000001010001101010 00100100001110110101111101001010 00100010011000010101101110001011
49 11000010000100001110110100100111 01100000111110011010111011001101 01101100100110000110100000011100 10000001111001000000011011010101
